513.0
513.0
229.0
527.0
513.0
513.0
232.0
513.0
252.0
513.0
641.0
641.0
513.0
512.0
237.0
513.0
513.0
641.0
513.0
513.0
238.0
641.0
518.0
641.0
251.0
513.0
511.0
513.0
517.0
242.0
514.0
513.0
243.0
513.0
513.0
463.0
584.0
513.0
641.0
513.0
237.0
645.0
241.0
513.0
513.0
641.0
513.0
513.0
557.0
512.0
234.0
602.0
594.0
233.0
512.0
513.0
224.0
499.0
513.0
498.0
563.0
245.0
228.0
513.0
513.0
513.0
538.0
513.0
513.0
641.0
487.0
614.0
613.0
710.0
506.0
246.0
245.0
589.0
248.0
475.0
252.0
639.0
601.0
486.0
513.0
231.0
632.0
249.0
566.0
592.0
391.0
237.0
229.0
246.0
518.0
219.0
513.0
513.0
513.0
232.0
513.0
817.0
641.0
513.0
235.0
343.0
219.0
513.0
513.0
227.0
513.0
641.0
816.0
575.0
222.0
641.0
238.0
641.0
817.0
641.0
641.0
239.0
513.0
637.0
641.0
616.0
636.0
641.0
581.0
641.0
641.0
513.0
249.0
238.0
423.0
579.0
236.0
525.0
817.0
578.0
631.0
560.0
233.0
248.0
217.0
247.0
131.0
232.0
641.0
247.0
618.0
568.0
232.0
238.0
241.0
1016.0
641.0
641.0
641.0
513.0
1345.0
513.0
757.0
604.0
622.0
641.0
804.0
641.0
472.0
641.0
606.0
248.0
1035.0
200.0
610.0
513.0
641.0
513.0
513.0
234.0
641.0
229.0
540.0
641.0
231.0
774.0
631.0
598.0
641.0
244.0
513.0
584.0
221.0
749.0
251.0
608.0
812.0
242.0
242.0
1032.0
602.0
243.0
250.0
666.0
216.0
227.0
602.0
608.0
777.0
233.0
641.0
251.0
513.0
249.0
592.0
196.0
817.0
251.0
513.0
639.0
1002.0
223.0
138.0
817.0
248.0
610.0
249.0
637.0
241.0
249.0
249.0
246.0
249.0
745.0
758.0
629.0
641.0
511.0
813.0
611.0
607.0
626.0
487.0
817.0
180.0
453.0
641.0
817.0
641.0
250.0
249.0
249.0
253.0
252.0
252.0
252.0
513.0
608.0
148.0
149.0
817.0
641.0
246.0
145.0
250.0
251.0
249.0
760.0
641.0
817.0
817.0
244.0
229.0
632.0
242.0
251.0
242.0
249.0
609.0
612.0
244.0
603.0
804.0
817.0
896.0
641.0
233.0
251.0
817.0
240.0
711.0
513.0
132.0
247.0
249.0
252.0
252.0
249.0
252.0
250.0
253.0
253.0
250.0
630.0
243.0
249.0
253.0
759.0
629.0
641.0
641.0
641.0
233.0
233.0
233.0
234.0
231.0
641.0
232.0
629.0
558.0
-70.0
203.0
602.0
635.0
236.0
242.0
614.0
512.0
251.0
248.0
557.0
513.0
216.0
808.0
614.0
248.0
513.0
240.0
513.0
641.0
252.0
252.0
641.0
641.0
599.0
247.0
812.0
636.0
251.0
250.0
618.0
635.0
641.0
241.0
226.0
239.0
607.0
637.0
1014.0
555.0
849.0
407.0
606.0
509.0
250.0
608.0
513.0
685.0
817.0
513.0
249.0
248.0
253.0
251.0
250.0
641.0
720.0
513.0
817.0
249.0
592.0
411.0
951.0
513.0
250.0
249.0
253.0
252.0
252.0
641.0
249.0
641.0
253.0
251.0
249.0
607.0
248.0
249.0
248.0
1039.0
1266.0
589.0
817.0
251.0
817.0
252.0
641.0
251.0
247.0
250.0
170.0
245.0
252.0
251.0
250.0
250.0
249.0
253.0
250.0
245.0
514.0
99.0
142.0
635.0
817.0
234.0
231.0
233.0
513.0
249.0
251.0
1037.0
247.0
641.0
603.0
1036.0
231.0
599.0
247.0
585.0
641.0
592.0
609.0
638.0
250.0
251.0
607.0
251.0
609.0
251.0
641.0
241.0
641.0
248.0
601.0
252.0
253.0
251.0
624.0
634.0
253.0
249.0
732.0
1043.0
1691.0
817.0
212.0
633.0
1108.0
236.0
219.0
166.0
250.0
250.0
591.0
590.0
363.0
244.0
227.0
244.0
613.0
245.0
513.0
513.0
251.0
640.0
250.0
254.0
513.0
254.0
353.0
250.0
250.0
641.0
253.0
249.0
250.0
250.0
513.0
250.0
251.0
249.0
253.0
248.0
252.0
248.0
252.0
248.0
634.0
249.0
249.0
249.0
248.0
513.0
510.0
-27.0
232.0
641.0
238.0
233.0
239.0
231.0
231.0
462.0
230.0
635.0
239.0
613.0
600.0
232.0
235.0
231.0
817.0
724.0
707.0
1132.0
232.0
220.0
243.0
636.0
1150.0
1030.0
633.0
230.0
1036.0
194.0
240.0
202.0
246.0
249.0
254.0
253.0
250.0
513.0
499.0
244.0
252.0
250.0
251.0
252.0
236.0
236.0
251.0
241.0
251.0
252.0
396.0
514.0
240.0
606.0
249.0
250.0
513.0
-32.0
-81.0
243.0
248.0
353.0
251.0
252.0
252.0
249.0
641.0
560.0
612.0
248.0
252.0
250.0
817.0
233.0
233.0
236.0
232.0
231.0
353.0
247.0
251.0
253.